MSE: 0.39707 
RMSE: 0.63013 
MAE: 0.43671 
R2: 0.96304